/*--------------------------------*- C++ -*----------------------------------*\
| =========                 |                                                 |
| \\      /  F ield         | OpenFOAM: The Open Source CFD Toolbox           |
|  \\    /   O peration     | Version:  2.4.0                                 |
|   \\  /    A nd           | Web:      www.OpenFOAM.org                      |
|    \\/     M anipulation  |                                                 |
\*---------------------------------------------------------------------------*/
FoamFile
{
    version     2.0;
    format      ascii;
    class       volTensorField;
    location    "20000";
    object      Oijt;
}
// * * * * * * * * * * * * * * * * * * * * * * * * * * * * * * * * * * * * * //

dimensions      [0 0 0 0 0 0 0];

internalField   nonuniform List<tensor> 
32000
(
(0 0.70710596 -1.919746e-18 -0.70710596 0 1.71084e-20 1.919746e-18 -1.71084e-20 0)
(0 0.70732254 4.4786658e-16 -0.70732254 0 -6.6836636e-16 -4.4786658e-16 6.6836636e-16 0)
(0 0.70732839 4.1045882e-16 -0.70732839 0 -8.3250707e-16 -4.1045882e-16 8.3250707e-16 0)
(0 0.70764274 8.8585515e-17 -0.70764274 0 -1.6535571e-15 -8.8585515e-17 1.6535571e-15 0)
(0 0.70753249 1.7529934e-16 -0.70753249 0 -3.1151665e-16 -1.7529934e-16 3.1151665e-16 0)
(0 0.70734477 -4.0595178e-16 -0.70734477 0 -2.6705519e-15 4.0595178e-16 2.6705519e-15 0)
(0 -0.70765187 -5.6637214e-16 0.70765187 0 -9.012456e-16 5.6637214e-16 9.012456e-16 0)
(0 -0.70765741 1.2883591e-18 0.70765741 0 -5.1301786e-21 -1.2883591e-18 5.1301786e-21 0)
(0 -0.70767935 -5.6565121e-16 0.70767935 0 -6.4326694e-16 5.6565121e-16 6.4326694e-16 0)
(0 -0.70752186 -8.2649836e-16 0.70752186 0 -8.8090411e-16 8.2649836e-16 8.8090411e-16 0)
(0 -0.70742239 -7.3631976e-17 0.70742239 0 -5.5094843e-17 7.3631976e-17 5.5094843e-17 0)
(0 -0.70731895 2.4171956e-17 0.70731895 0 2.9954942e-17 -2.4171956e-17 -2.9954942e-17 0)
(0 -0.70725217 -8.3133784e-17 0.70725217 0 -9.662459e-17 8.3133784e-17 9.662459e-17 0)
(0 -0.70719996 1.0098637e-14 0.70719996 0 1.2050422e-14 -1.0098637e-14 -1.2050422e-14 0)
(0 -0.7071551 1.1074962e-14 0.7071551 0 1.2972796e-14 -1.1074962e-14 -1.2972796e-14 0)
(0 -0.70711246 4.8569852e-17 0.70711246 0 -9.1641803e-17 -4.8569852e-17 9.1641803e-17 0)
(0 -0.70707236 -3.1686728e-15 0.70707236 0 -3.3572633e-15 3.1686728e-15 3.3572633e-15 0)
(0 -0.70705045 -3.6426533e-15 0.70705045 0 -3.725865e-15 3.6426533e-15 3.725865e-15 0)
(0 -0.70705062 -1.7806233e-15 0.70705062 0 -1.8013859e-15 1.7806233e-15 1.8013859e-15 0)
(0 -0.70705461 -1.9915237e-15 0.70705461 0 -2.0771003e-15 1.9915237e-15 2.0771003e-15 0)
(0 -0.70705894 -3.4119593e-17 0.70705894 0 6.2935854e-17 3.4119593e-17 -6.2935854e-17 0)
(0 -0.70706388 -8.8744135e-20 0.70706388 0 9.812538e-21 8.8744135e-20 -9.812538e-21 0)
(0 -0.70706883 4.7781084e-17 0.70706883 0 5.6442853e-17 -4.7781084e-17 -5.6442853e-17 0)
(0 -0.70707453 4.5426779e-17 0.70707453 0 5.3935272e-17 -4.5426779e-17 -5.3935272e-17 0)
(0 -0.70708047 -1.6764369e-16 0.70708047 0 -2.2283772e-16 1.6764369e-16 2.2283772e-16 0)
(0 -0.70708634 -7.5682825e-17 0.70708634 0 -1.0299703e-16 7.5682825e-17 1.0299703e-16 0)
(0 -0.70708395 -1.1187619e-16 0.70708395 0 -1.4031096e-16 1.1187619e-16 1.4031096e-16 0)
(0 -0.70706631 1.8151273e-18 0.70706631 0 -8.4675651e-20 -1.8151273e-18 8.4675651e-20 0)
(0 -0.70704007 -3.7597326e-17 0.70704007 0 -3.9848923e-17 3.7597326e-17 3.9848923e-17 0)
(0 -0.70701111 3.1127087e-17 0.70701111 0 3.9050164e-17 -3.1127087e-17 -3.9050164e-17 0)
(0 -0.70697911 3.6795183e-17 0.70697911 0 3.8249874e-17 -3.6795183e-17 -3.8249874e-17 0)
(0 -0.70694315 -3.2730376e-17 0.70694315 0 -3.8567808e-17 3.2730376e-17 3.8567808e-17 0)
(0 -0.70690208 -6.0320982e-17 0.70690208 0 -8.6216502e-17 6.0320982e-17 8.6216502e-17 0)
(0 -0.70685393 9.4938952e-17 0.70685393 0 -5.4753771e-18 -9.4938952e-17 5.4753771e-18 0)
(0 -0.70679755 -1.554634e-15 0.70679755 0 -2.2716226e-15 1.554634e-15 2.2716226e-15 0)
(0 -0.70673914 -1.7216044e-15 0.70673914 0 -2.5585309e-15 1.7216044e-15 2.5585309e-15 0)
(0 -0.7066937 -1.5108935e-15 0.7066937 0 -2.4294783e-15 1.5108935e-15 2.4294783e-15 0)
(0 -0.70665786 -9.4528167e-15 0.70665786 0 -1.924298e-14 9.4528167e-15 1.924298e-14 0)
(0 -0.70662064 -7.8603402e-15 0.70662064 0 -1.8245795e-14 7.8603402e-15 1.8245795e-14 0)
(0 -0.70658199 7.6881191e-15 0.70658199 0 2.0531695e-14 -7.6881191e-15 -2.0531695e-14 0)
(0 -0.70654705 7.3231824e-15 0.70654705 0 2.2646137e-14 -7.3231824e-15 -2.2646137e-14 0)
(0 -0.70650642 -8.6964967e-18 0.70650642 0 -4.0410296e-17 8.6964967e-18 4.0410296e-17 0)
(0 -0.70648107 5.9924713e-15 0.70648107 0 2.7425761e-14 -5.9924713e-15 -2.7425761e-14 0)
(0 -0.70642868 5.0786756e-15 0.70642868 0 3.0898121e-14 -5.0786756e-15 -3.0898121e-14 0)
(0 -0.70643538 3.9121162e-16 0.70643538 0 2.6073775e-17 -3.9121162e-16 -2.6073775e-17 0)
(0 -0.7063485 -7.1558617e-16 0.7063485 0 -1.1341059e-14 7.1558617e-16 1.1341059e-14 0)
(0 -0.70681774 -8.6191569e-16 0.70681774 0 -8.2777686e-15 8.6191569e-16 8.2777686e-15 0)
(0 -0.70707099 -2.2011797e-16 0.70707099 0 1.17046e-17 2.2011797e-16 -1.17046e-17 0)
(0 -0.70710375 1.2336697e-22 0.70710375 0 -7.1475022e-21 -1.2336697e-22 7.1475022e-21 0)
(0 -0.70710506 -6.3361507e-23 0.70710506 0 6.2223966e-21 6.3361507e-23 -6.2223966e-21 0)
(0 -0.70710577 7.0991149e-23 0.70710577 0 -2.2708012e-21 -7.0991149e-23 2.2708012e-21 0)
(0 -0.7071061 -6.5559246e-23 0.7071061 0 -5.7092849e-15 6.5559246e-23 5.7092849e-15 0)
(0 -0.70710634 7.0423873e-23 0.70710634 0 -5.3656319e-15 -7.0423873e-23 5.3656319e-15 0)
(0 -0.70710647 -3.3891652e-23 0.70710647 0 1.8544652e-21 3.3891652e-23 -1.8544652e-21 0)
(0 -0.70710656 -3.1049309e-23 0.70710656 0 1.4329593e-24 3.1049309e-23 -1.4329593e-24 0)
(0 -0.70710661 1.1120307e-16 0.70710661 0 -4.9090167e-18 -1.1120307e-16 4.9090167e-18 0)
(0 -0.70710666 -3.9434714e-16 0.70710666 0 -2.9695406e-15 3.9434714e-16 2.9695406e-15 0)
(0 -0.70710668 -6.5880753e-16 0.70710668 0 -2.8543432e-15 6.5880753e-16 2.8543432e-15 0)
(0 -0.7071067 9.8325808e-17 0.7071067 0 1.4149525e-15 -9.8325808e-17 -1.4149525e-15 0)
(0 -0.70710671 2.0002731e-16 0.70710671 0 -7.0689741e-15 -2.0002731e-16 7.0689741e-15 0)
(0 -0.70710672 4.5177665e-16 0.70710672 0 -1.3903479e-14 -4.5177665e-16 1.3903479e-14 0)
(0 -0.70710673 5.9885029e-16 0.70710673 0 -5.5496255e-15 -5.9885029e-16 5.5496255e-15 0)
(0 -0.70710673 9.5219375e-17 0.70710673 0 -3.6280279e-18 -9.5219375e-17 3.6280279e-18 0)
(0 -0.70710673 -1.3740013e-23 0.70710673 0 8.2648146e-24 1.3740013e-23 -8.2648146e-24 0)
(0 -0.70710673 6.0131202e-23 0.70710673 0 -7.2964894e-22 -6.0131202e-23 7.2964894e-22 0)
(0 -0.70710673 -8.2449816e-23 0.70710673 0 1.4694848e-21 8.2449816e-23 -1.4694848e-21 0)
(0 -0.70710673 4.7695444e-17 0.70710673 0 -1.579479e-18 -4.7695444e-17 1.579479e-18 0)
(0 -0.70710672 -1.5548551e-16 0.70710672 0 -1.3050018e-15 1.5548551e-16 1.3050018e-15 0)
(0 -0.70710672 -5.0121416e-16 0.70710672 0 -1.4586253e-14 5.0121416e-16 1.4586253e-14 0)
(0 -0.70710672 -3.4527423e-16 0.70710672 0 -1.3351441e-14 3.4527423e-16 1.3351441e-14 0)
(0 -0.70710671 -4.7239799e-17 0.70710671 0 1.4225816e-18 4.7239799e-17 -1.4225816e-18 0)
(0 -0.70710671 5.3583612e-25 0.70710671 0 -2.193135e-27 -5.3583612e-25 2.193135e-27 0)
(0 -0.70710671 -4.7828528e-23 0.70710671 0 7.5786914e-22 4.7828528e-23 -7.5786914e-22 0)
(0 -0.7071067 2.1174871e-23 0.7071067 0 -7.5474533e-22 -2.1174871e-23 7.5474533e-22 0)
(0 -0.7071067 1.3225486e-23 0.7071067 0 1.1491395e-21 -1.3225486e-23 -1.1491395e-21 0)
(0 -0.70710669 -5.1145509e-17 0.70710669 0 1.2303734e-18 5.1145509e-17 -1.2303734e-18 0)
(0 -0.70710669 1.9914274e-16 0.70710669 0 1.4125259e-15 -1.9914274e-16 -1.4125259e-15 0)
(0 -0.70710669 3.0246003e-16 0.70710669 0 1.4266502e-15 -3.0246003e-16 -1.4266502e-15 0)
(0 -0.70710668 5.218994e-17 0.70710668 0 -1.1523553e-18 -5.218994e-17 1.1523553e-18 0)
(0 -0.70710668 3.4870514e-23 0.70710668 0 1.633047e-21 -3.4870514e-23 -1.633047e-21 0)
(0 -0.70710667 5.5741999e-17 0.70710667 0 -1.0630123e-18 -5.5741999e-17 1.0630123e-18 0)
(0 -0.70710667 -1.9417939e-16 0.70710667 0 -1.5472644e-15 1.9417939e-16 1.5472644e-15 0)
(0 -0.70710666 -3.0769247e-16 0.70710666 0 -1.5734094e-15 3.0769247e-16 1.5734094e-15 0)
(0 -0.70710666 -5.782714e-17 0.70710666 0 9.8515288e-19 5.782714e-17 -9.8515288e-19 0)
(0 -0.70710666 -9.274176e-24 0.70710666 0 -1.5209478e-14 9.274176e-24 1.5209478e-14 0)
(0 -0.70710665 3.4718929e-25 0.70710665 0 -1.5592433e-14 -3.4718929e-25 1.5592433e-14 0)
(0 -0.70710665 -2.5802984e-23 0.70710665 0 -2.2712664e-22 2.5802984e-23 2.2712664e-22 0)
(0 -0.70710664 8.675362e-24 0.70710664 0 2.5017029e-22 -8.675362e-24 -2.5017029e-22 0)
(0 -0.70710664 8.8410068e-24 0.70710664 0 -1.1231681e-14 -8.8410068e-24 1.1231681e-14 0)
(0 -0.70710664 4.7278641e-24 0.70710664 0 -1.1550395e-14 -4.7278641e-24 1.1550395e-14 0)
(0 -0.70710663 7.1245101e-17 0.70710663 0 -6.4302099e-19 -7.1245101e-17 6.4302099e-19 0)
(0 -0.70710663 -1.7799979e-16 0.70710663 0 -1.9954981e-15 1.7799979e-16 1.9954981e-15 0)
(0 -0.70710662 -3.2504631e-16 0.70710662 0 -2.0515025e-15 3.2504631e-16 2.0515025e-15 0)
(0 -0.70710662 -7.597673e-17 0.70710662 0 5.3322868e-19 7.597673e-17 -5.3322868e-19 0)
(0 -0.70710661 5.282789e-24 0.70710661 0 -3.1800251e-26 -5.282789e-24 3.1800251e-26 0)
(0 -0.70710661 8.284775e-17 0.70710661 0 -3.3241318e-19 -8.284775e-17 3.3241318e-19 0)
(0 -0.70710661 -1.6579293e-16 0.70710661 0 -2.3304301e-15 1.6579293e-16 2.3304301e-15 0)
(0 -0.7071066 -3.3782034e-16 0.7071066 0 -2.407065e-15 3.3782034e-16 2.407065e-15 0)
(0 -0.7071066 -8.9443784e-17 0.7071066 0 1.7958927e-19 8.9443784e-17 -1.7958927e-19 0)
(0 -0.70710659 1.760605e-37 0.70710659 0 -6.6679728e-23 -1.760605e-37 6.6679728e-23 0)
(0 -0.70710659 -4.452998e-41 0.70710659 0 -1.6864925e-26 4.452998e-41 1.6864925e-26 0)
(0 -0.70710659 -1.0146288e-16 0.70710659 0 -2.0367563e-19 1.0146288e-16 2.0367563e-19 0)
(0 -0.70710658 1.4620507e-16 0.70710658 0 2.8681114e-15 -1.4620507e-16 -2.8681114e-15 0)
(0 -0.70710658 3.5835288e-16 0.70710658 0 -6.1487231e-15 -3.5835288e-16 6.1487231e-15 0)
(0 -0.70710657 1.1109635e-16 0.70710657 0 -9.4742143e-15 -1.1109635e-16 9.4742143e-15 0)
(0 -0.70710657 1.1753046e-16 0.70710657 0 7.0685298e-19 -1.1753046e-16 -7.0685298e-19 0)
(0 -0.70710656 -2.5129736e-16 0.70710656 0 -3.3339432e-15 2.5129736e-16 3.3339432e-15 0)
(0 -0.70710655 -2.516668e-16 0.70710655 0 -3.9506312e-18 2.516668e-16 3.9506312e-18 0)
(0 -0.70710655 2.5150236e-16 0.70710655 0 3.6191998e-15 -2.5150236e-16 -3.6191998e-15 0)
(0 -0.70710654 1.354913e-16 0.70710654 0 1.2229506e-18 -1.354913e-16 -1.2229506e-18 0)
(0 -0.70710653 -1.5719258e-24 0.70710653 0 5.435152e-22 1.5719258e-24 -5.435152e-22 0)
(0 -0.70710653 -4.7748397e-25 0.70710653 0 -1.697482e-21 4.7748397e-25 1.697482e-21 0)
(0 -0.70710652 5.9482614e-23 0.70710652 0 -1.202969e-21 -5.9482614e-23 1.202969e-21 0)
(0 -0.70710651 -3.4963084e-23 0.70710651 0 2.5056792e-21 3.4963084e-23 -2.5056792e-21 0)
(0 -0.7071065 -2.7918657e-23 0.7071065 0 -3.2574231e-21 2.7918657e-23 3.2574231e-21 0)
(0 -0.70710649 4.811894e-23 0.70710649 0 2.0282882e-21 -4.811894e-23 -2.0282882e-21 0)
(0 -0.70710648 -4.2368884e-23 0.70710648 0 1.440948e-21 4.2368884e-23 -1.440948e-21 0)
(0 -0.70710647 -3.5254434e-23 0.70710647 0 2.9836092e-21 3.5254434e-23 -2.9836092e-21 0)
(0 -0.70710646 7.2355621e-23 0.70710646 0 -1.5539114e-21 -7.2355621e-23 1.5539114e-21 0)
(0 -0.70710644 -2.1614452e-16 0.70710644 0 -4.3403943e-18 2.1614452e-16 4.3403943e-18 0)
(0 -0.70710643 2.4102986e-17 0.70710643 0 6.2137455e-15 -2.4102986e-17 -6.2137455e-15 0)
(0 -0.70710641 7.2669014e-16 0.70710641 0 6.5844023e-15 -7.2669014e-16 -6.5844023e-15 0)
(0 -0.70710639 2.4969617e-16 0.70710639 0 -6.8895621e-15 -2.4969617e-16 6.8895621e-15 0)
(0 -0.70710637 -5.1412313e-16 0.70710637 0 -7.3219687e-15 5.1412313e-16 7.3219687e-15 0)
(0 -0.70710635 -5.5888254e-16 0.70710635 0 -1.3735088e-17 5.5888254e-16 1.3735088e-17 0)
(0 -0.70710633 -4.5942224e-17 0.70710633 0 8.1361091e-15 4.5942224e-17 -8.1361091e-15 0)
(0 -0.7071063 1.1935815e-15 0.7071063 0 8.6997063e-15 -1.1935815e-15 -8.6997063e-15 0)
(0 -0.70710628 4.9666362e-16 0.70710628 0 -1.8300053e-14 -4.9666362e-16 1.8300053e-14 0)
(0 -0.70710624 -1.2067747e-15 0.70710624 0 -1.9611605e-14 1.2067747e-15 1.9611605e-14 0)
(0 -0.70710621 -1.128452e-15 0.70710621 0 -3.3221436e-17 1.128452e-15 3.3221436e-17 0)
(0 -0.70710617 -1.5239808e-16 0.70710617 0 7.9095712e-14 1.5239808e-16 -7.9095712e-14 0)
(0 -0.70710613 6.7951055e-16 0.70710613 0 8.45726e-14 -6.7951055e-16 -8.45726e-14 0)
(0 -0.70710608 4.5833613e-16 0.70710608 0 1.4704448e-17 -4.5833613e-16 -1.4704448e-17 0)
(0 -0.70710603 1.6862011e-22 0.70710603 0 -7.6562659e-21 -1.6862011e-22 7.6562659e-21 0)
(0 -0.70710597 -1.0141054e-18 0.70710597 0 -2.7398304e-20 1.0141054e-18 2.7398304e-20 0)
(0 -0.70710591 2.5194635e-16 0.70710591 0 4.8504446e-14 -2.5194635e-16 -4.8504446e-14 0)
(0 -0.70710585 2.5236855e-16 0.70710585 0 5.264915e-14 -2.5236855e-16 -5.264915e-14 0)
(0 -0.70710577 -6.76175e-16 0.70710577 0 -2.5778803e-17 6.76175e-16 2.5778803e-17 0)
(0 -0.7071057 -7.3626485e-16 0.7071057 0 -4.1761265e-14 7.3626485e-16 4.1761265e-14 0)
(0 -0.70710562 7.9520691e-16 0.70710562 0 -4.5514381e-14 -7.9520691e-16 4.5514381e-14 0)
(0 -0.70710555 8.7132722e-16 0.70710555 0 3.496796e-17 -8.7132722e-16 -3.496796e-17 0)
(0 -0.70710548 6.7274627e-23 0.70710548 0 -2.9624694e-20 -6.7274627e-23 2.9624694e-20 0)
(0 -0.70710546 1.1348553e-21 0.70710546 0 -6.4760933e-23 -1.1348553e-21 6.4760933e-23 0)
(0 -0.70710544 5.5389483e-22 0.70710544 0 1.9481522e-13 -5.5389483e-22 -1.9481522e-13 0)
(0 -0.70710554 -1.443111e-21 0.70710554 0 2.1415554e-13 1.443111e-21 -2.1415554e-13 0)
(0 -0.70710567 -6.6886856e-22 0.70710567 0 -1.0574916e-19 6.6886856e-22 1.0574916e-19 0)
(0 -0.70710603 -7.8759889e-24 0.70710603 0 6.9010548e-20 7.8759889e-24 -6.9010548e-20 0)
(0 -0.70710637 9.3681072e-22 0.70710637 0 1.3475858e-13 -9.3681072e-22 -1.3475858e-13 0)
(0 -0.70710708 -8.237567e-23 0.70710708 0 1.4416197e-13 8.237567e-23 -1.4416197e-13 0)
(0 -0.7071074 7.9113028e-23 0.7071074 0 -5.3080765e-20 -7.9113028e-23 5.3080765e-20 0)
(0 -0.7071081 8.7321748e-22 0.7071081 0 1.3432948e-19 -8.7321748e-22 -1.3432948e-19 0)
(0 -0.70710748 -1.7399491e-21 0.70710748 0 7.3642974e-20 1.7399491e-21 -7.3642974e-20 0)
(0 -0.70705748 -2.1397781e-19 0.70705748 0 -2.6124622e-13 2.1397781e-19 2.6124622e-13 0)
(0 -0.70669973 1.405376e-15 0.70669973 0 -2.186816e-13 -1.405376e-15 2.186816e-13 0)
(0 -0.70646113 9.8585684e-18 0.70646113 0 -2.7985733e-16 -9.8585684e-18 2.7985733e-16 0)
(0 -0.70638723 2.8223708e-17 0.70638723 0 -2.7922974e-16 -2.8223708e-17 2.7922974e-16 0)
(0 -0.70644014 -6.1083611e-17 0.70644014 0 4.0099516e-16 6.1083611e-17 -4.0099516e-16 0)
(0 -0.7064428 -9.9402472e-18 0.7064428 0 -6.2772269e-19 9.9402472e-18 6.2772269e-19 0)
(0 -0.70649434 9.5365132e-16 0.70649434 0 3.4448132e-16 -9.5365132e-16 -3.4448132e-16 0)
(0 -0.70651393 -1.8162181e-14 0.70651393 0 6.3631635e-14 1.8162181e-14 -6.3631635e-14 0)
(0 -0.70655726 3.503495e-14 0.70655726 0 -9.3666228e-14 -3.503495e-14 9.3666228e-14 0)
(0 -0.70657217 9.0829862e-14 0.70657217 0 -2.2340999e-13 -9.0829862e-14 2.2340999e-13 0)
(0 -0.70656747 -5.7765093e-15 0.70656747 0 -3.0469824e-15 5.7765093e-15 3.0469824e-15 0)
(0 0.22255082 6.5160577e-12 -0.22255082 0 -1.3483805e-11 -6.5160577e-12 1.3483805e-11 0)
(0 0.70673045 1.6756882e-13 -0.70673045 0 -2.9482117e-13 -1.6756882e-13 2.9482117e-13 0)
(0 0.70681414 1.4120185e-13 -0.70681414 0 -2.272118e-13 -1.4120185e-13 2.272118e-13 0)
(0 0.70687139 6.2258855e-14 -0.70687139 0 -9.5001397e-14 -6.2258855e-14 9.5001397e-14 0)
(0 0.70691753 1.4998803e-16 -0.70691753 0 -2.211841e-16 -1.4998803e-16 2.211841e-16 0)
(0 0.70695753 -1.2888052e-17 -0.70695753 0 -7.2273059e-19 1.2888052e-17 7.2273059e-19 0)
(0 0.70699225 1.8005964e-16 -0.70699225 0 -2.4719704e-16 -1.8005964e-16 2.4719704e-16 0)
(0 0.70702331 -2.1447877e-16 -0.70702331 0 2.8799939e-16 2.1447877e-16 -2.8799939e-16 0)
(0 0.70705141 -1.7754951e-16 -0.70705141 0 6.780522e-17 1.7754951e-16 -6.780522e-17 0)
(0 0.70707667 -2.0812161e-15 -0.70707667 0 2.3093304e-15 2.0812161e-15 -2.3093304e-15 0)
(0 0.70709179 -1.647717e-15 -0.70709179 0 1.9742305e-15 1.647717e-15 -1.9742305e-15 0)
(0 0.70709262 -1.1086029e-16 -0.70709262 0 2.4237306e-16 1.1086029e-16 -2.4237306e-16 0)
(0 0.70708269 -6.774697e-17 -0.70708269 0 8.5029482e-17 6.774697e-17 -8.5029482e-17 0)
(0 0.70707468 -5.4340883e-17 -0.70707468 0 -2.0261682e-18 5.4340883e-17 2.0261682e-18 0)
(0 0.70706985 -1.159313e-15 -0.70706985 0 1.13418e-15 1.159313e-15 -1.13418e-15 0)
(0 0.7070639 -9.0296788e-16 -0.7070639 0 9.1656046e-16 9.0296788e-16 -9.1656046e-16 0)
(0 0.70705841 3.8214105e-17 -0.70705841 0 1.2289096e-18 -3.8214105e-17 -1.2289096e-18 0)
(0 0.70705383 8.1512239e-19 -0.70705383 0 2.170686e-20 -8.1512239e-19 -2.170686e-20 0)
(0 0.70704975 -3.3789144e-17 -0.70704975 0 4.0769806e-17 3.3789144e-17 -4.0769806e-17 0)
(0 0.70705037 2.2007984e-17 -0.70705037 0 4.4811667e-19 -2.2007984e-17 -4.4811667e-19 0)
(0 0.70707381 -9.6497225e-16 -0.70707381 0 1.1663315e-15 9.6497225e-16 -1.1663315e-15 0)
(0 0.70711527 -1.5982203e-15 -0.70711527 0 1.8743695e-15 1.5982203e-15 -1.8743695e-15 0)
(0 0.70715969 -1.2835565e-15 -0.70715969 0 1.4834938e-15 1.2835565e-15 -1.4834938e-15 0)
(0 0.70720547 -5.5817431e-16 -0.70720547 0 6.3142254e-16 5.5817431e-16 -6.3142254e-16 0)
(0 0.70725757 -1.6469073e-17 -0.70725757 0 -8.1662888e-20 1.6469073e-17 8.1662888e-20 0)
(0 0.70731873 2.984015e-16 -0.70731873 0 -4.0631802e-16 -2.984015e-16 4.0631802e-16 0)
(0 0.70740142 4.3246528e-16 -0.70740142 0 -5.9893284e-16 -4.3246528e-16 5.9893284e-16 0)
(0 0.70750556 2.7019296e-16 -0.70750556 0 -4.0817389e-16 -2.7019296e-16 4.0817389e-16 0)
(0 0.70764911 6.9544216e-17 -0.70764911 0 -1.1125182e-16 -6.9544216e-17 1.1125182e-16 0)
(0 0.70779248 -1.7910041e-16 -0.70779248 0 -7.7669193e-17 1.7910041e-16 7.7669193e-17 0)
(0 0.70789625 -1.778775e-16 -0.70789625 0 -1.2118333e-16 1.778775e-16 1.2118333e-16 0)
(0 0.70788534 -1.5851145e-16 -0.70788534 0 6.4651021e-16 1.5851145e-16 -6.4651021e-16 0)
(0 0.70782505 -1.6338073e-16 -0.70782505 0 1.0861874e-15 1.6338073e-16 -1.0861874e-15 0)
(0 0.70763316 -6.3370652e-20 -0.70763316 0 1.0929289e-18 6.3370652e-20 -1.0929289e-18 0)
(0 0.70753855 9.404302e-18 -0.70753855 0 3.9742579e-19 -9.404302e-18 -3.9742579e-19 0)
(0 0.70724808 -4.2593452e-16 -0.70724808 0 -4.2916959e-16 4.2593452e-16 4.2916959e-16 0)
(0 0.70705386 -4.6846196e-16 -0.70705386 0 -1.2265197e-15 4.6846196e-16 1.2265197e-15 0)
(0 0.70710237 3.0354961e-18 -0.70710237 0 -2.6974201e-20 -3.0354961e-18 2.6974201e-20 0)
(0 0.70770347 -4.0778322e-16 -0.70770347 0 -1.3184685e-15 4.0778322e-16 1.3184685e-15 0)
(0 0.70779058 -1.2846828e-15 -0.70779058 0 1.9302673e-16 1.2846828e-15 -1.9302673e-16 0)
(0 0.70861921 -9.6073589e-16 -0.70861921 0 8.8965791e-16 9.6073589e-16 -8.8965791e-16 0)
(0 0.70828089 -2.6249261e-16 -0.70828089 0 -5.2784247e-16 2.6249261e-16 5.2784247e-16 0)
(0 0.70510216 -2.1227618e-15 -0.70510216 0 -8.0249619e-15 2.1227618e-15 8.0249619e-15 0)
(0 -0.70805431 -1.8241602e-15 0.70805431 0 -5.8989119e-15 1.8241602e-15 5.8989119e-15 0)
(0 -0.70866564 9.8445278e-16 0.70866564 0 2.0624449e-15 -9.8445278e-16 -2.0624449e-15 0)
(0 -0.70879363 6.0864264e-16 0.70879363 0 7.3283407e-16 -6.0864264e-16 -7.3283407e-16 0)
(0 -0.70836149 8.232941e-16 0.70836149 0 8.4621582e-16 -8.232941e-16 -8.4621582e-16 0)
(0 -0.70806615 2.4991953e-15 0.70806615 0 3.3710685e-15 -2.4991953e-15 -3.3710685e-15 0)
(0 -0.70776471 -3.0788915e-17 0.70776471 0 -2.3349837e-17 3.0788915e-17 2.3349837e-17 0)
(0 -0.70755563 2.00491e-16 0.70755563 0 -9.7272771e-18 -2.00491e-16 9.7272771e-18 0)
(0 -0.70739193 -1.0192602e-14 0.70739193 0 -1.0903602e-14 1.0192602e-14 1.0903602e-14 0)
(0 -0.70724991 -1.8168193e-16 0.70724991 0 1.5784978e-15 1.8168193e-16 -1.5784978e-15 0)
(0 -0.70711472 8.1598291e-15 0.70711472 0 1.0030186e-14 -8.1598291e-15 -1.0030186e-14 0)
(0 -0.70699126 -1.1041444e-14 0.70699126 0 -1.3165229e-14 1.1041444e-14 1.3165229e-14 0)
(0 -0.7069269 -6.7258863e-15 0.7069269 0 -8.6237288e-15 6.7258863e-15 8.6237288e-15 0)
(0 -0.70692833 -3.5524726e-15 0.70692833 0 -4.6648108e-15 3.5524726e-15 4.6648108e-15 0)
(0 -0.70694209 -3.5468274e-15 0.70694209 0 -4.7479591e-15 3.5468274e-15 4.7479591e-15 0)
(0 -0.70695767 7.7644149e-17 0.70695767 0 -5.5499071e-17 -7.7644149e-17 5.5499071e-17 0)
(0 -0.70697479 1.4203082e-19 0.70697479 0 -1.1997513e-20 -1.4203082e-19 1.1997513e-20 0)
(0 -0.7069924 -4.35502e-17 0.7069924 0 -5.3255568e-17 4.35502e-17 5.3255568e-17 0)
(0 -0.70701176 8.6961253e-17 0.70701176 0 1.2244102e-16 -8.6961253e-17 -1.2244102e-16 0)
(0 -0.7070317 2.8865626e-16 0.7070317 0 3.6857837e-16 -2.8865626e-16 -3.6857837e-16 0)
(0 -0.70705042 7.1984126e-17 0.70705042 0 9.7322765e-17 -7.1984126e-17 -9.7322765e-17 0)
(0 -0.70704243 -4.2516109e-15 0.70704243 0 -5.5260904e-15 4.2516109e-15 5.5260904e-15 0)
(0 -0.70698778 -4.0264654e-15 0.70698778 0 -5.2556682e-15 4.0264654e-15 5.2556682e-15 0)
(0 -0.706907 -6.2711571e-17 0.706907 0 -9.3538204e-17 6.2711571e-17 9.3538204e-17 0)
(0 -0.7068173 1.6342852e-16 0.7068173 0 2.1897229e-16 -1.6342852e-16 -2.1897229e-16 0)
(0 -0.70671772 5.5091575e-17 0.70671772 0 9.0431903e-17 -5.5091575e-17 -9.0431903e-17 0)
(0 -0.7066055 -6.1232555e-17 0.7066055 0 -9.0240337e-17 6.1232555e-17 9.0240337e-17 0)
(0 -0.70647694 5.8445187e-17 0.70647694 0 8.2029927e-17 -5.8445187e-17 -8.2029927e-17 0)
(0 -0.70632616 -6.1988237e-17 0.70632616 0 1.4214003e-16 6.1988237e-17 -1.4214003e-16 0)
(0 -0.70615085 -3.0596084e-15 0.70615085 0 -5.1687296e-15 3.0596084e-15 5.1687296e-15 0)
(0 -0.70597164 -2.7990423e-15 0.70597164 0 -5.4034993e-15 2.7990423e-15 5.4034993e-15 0)
(0 -0.7058323 -2.9231402e-15 0.7058323 0 -5.4285998e-15 2.9231402e-15 5.4285998e-15 0)
(0 -0.70572119 5.4863196e-15 0.70572119 0 9.5125537e-15 -5.4863196e-15 -9.5125537e-15 0)
(0 -0.70560627 8.9633704e-15 0.70560627 0 1.6692004e-14 -8.9633704e-15 -1.6692004e-14 0)
(0 -0.70548857 -7.2795852e-15 0.70548857 0 -1.8989051e-14 7.2795852e-15 1.8989051e-14 0)
(0 -0.70538274 -8.1094637e-15 0.70538274 0 -2.0735359e-14 8.1094637e-15 2.0735359e-14 0)
(0 -0.70526543 3.4203717e-15 0.70526543 0 1.2566e-14 -3.4203717e-15 -1.2566e-14 0)
(0 -0.70519654 -2.9637495e-15 0.70519654 0 -1.1570351e-14 2.9637495e-15 1.1570351e-14 0)
(0 -0.70506737 -6.0901517e-15 0.70506737 0 -2.7869933e-14 6.0901517e-15 2.7869933e-14 0)
(0 -0.70511973 -4.5632083e-15 0.70511973 0 -3.0917871e-14 4.5632083e-15 3.0917871e-14 0)
(0 -0.70496302 -3.0988886e-15 0.70496302 0 -5.4069852e-14 3.0988886e-15 5.4069852e-14 0)
(0 -0.70621177 8.0471689e-16 0.70621177 0 -1.6931961e-14 -8.0471689e-16 1.6931961e-14 0)
(0 -0.70695351 3.3903579e-16 0.70695351 0 -1.8032868e-17 -3.3903579e-16 1.8032868e-17 0)
(0 -0.70707184 2.8729214e-22 0.70707184 0 7.7636308e-15 -2.8729214e-22 -7.7636308e-15 0)
(0 -0.70708579 -1.146028e-22 0.70708579 0 2.0384192e-14 1.146028e-22 -2.0384192e-14 0)
(0 -0.70709285 -1.1512245e-16 0.70709285 0 1.2388255e-14 1.1512245e-16 -1.2388255e-14 0)
(0 -0.70709703 3.8147391e-16 0.70709703 0 5.4029831e-15 -3.8147391e-16 -5.4029831e-15 0)
(0 -0.70709972 5.8933861e-16 0.70709972 0 1.0438794e-14 -5.8933861e-16 -1.0438794e-14 0)
(0 -0.70710149 9.4914199e-17 0.70710149 0 5.111906e-15 -9.4914199e-17 -5.111906e-15 0)
(0 -0.70710271 0 0.70710271 0 2.6497829e-21 0 -2.6497829e-21 0)
(0 -0.70710355 -1.7681693e-16 0.70710355 0 -9.4119691e-15 1.7681693e-16 9.4119691e-15 0)
(0 -0.70710416 3.0853031e-16 0.70710416 0 -1.092656e-14 -3.0853031e-16 1.092656e-14 0)
(0 -0.7071046 7.2806196e-16 0.7071046 0 -1.747595e-15 -7.2806196e-16 1.747595e-15 0)
(0 -0.70710493 -1.6094019e-16 0.70710493 0 3.0179064e-15 1.6094019e-16 -3.0179064e-15 0)
(0 -0.70710518 5.0263977e-16 0.70710518 0 1.5321674e-14 -5.0263977e-16 -1.5321674e-14 0)
(0 -0.70710537 1.5625722e-15 0.70710537 0 2.1726228e-14 -1.5625722e-15 -2.1726228e-14 0)
(0 -0.70710552 6.5665973e-16 0.70710552 0 9.4444693e-15 -6.5665973e-16 -9.4444693e-15 0)
(0 -0.70710564 1.6054595e-19 0.70710564 0 -6.0091575e-21 -1.6054595e-19 6.0091575e-21 0)
(0 -0.70710573 -4.0759905e-23 0.70710573 0 4.0798213e-15 4.0759905e-23 -4.0798213e-15 0)
(0 -0.70710581 2.1469558e-29 0.70710581 0 4.0657138e-15 -2.1469558e-29 -4.0657138e-15 0)
(0 -0.70710587 2.0905123e-23 0.70710587 0 8.0309957e-22 -2.0905123e-23 -8.0309957e-22 0)
(0 -0.70710592 -7.6575517e-17 0.70710592 0 2.5345579e-18 7.6575517e-17 -2.5345579e-18 0)
(0 -0.70710597 -1.4113371e-16 0.70710597 0 -2.8058649e-15 1.4113371e-16 2.8058649e-15 0)
(0 -0.70710601 1.7303339e-15 0.70710601 0 5.8864753e-15 -1.7303339e-15 -5.8864753e-15 0)
(0 -0.70710605 2.0995951e-15 0.70710605 0 8.7228658e-15 -2.0995951e-15 -8.7228658e-15 0)
(0 -0.70710608 3.035247e-16 0.70710608 0 8.2326786e-15 -3.035247e-16 -8.2326786e-15 0)
(0 -0.70710611 1.1431157e-32 0.70710611 0 9.651888e-18 -1.1431157e-32 -9.651888e-18 0)
(0 -0.70710613 4.7422406e-33 0.70710613 0 -1.6797787e-14 -4.7422406e-33 1.6797787e-14 0)
(0 -0.70710615 2.1952709e-23 0.70710615 0 -8.4994825e-15 -2.1952709e-23 8.4994825e-15 0)
(0 -0.70710617 -1.2242241e-22 0.70710617 0 -4.3070674e-15 1.2242241e-22 4.3070674e-15 0)
(0 -0.70710617 8.2531741e-17 0.70710617 0 -4.3745008e-15 -8.2531741e-17 4.3745008e-15 0)
(0 -0.70710618 -1.5958872e-16 0.70710618 0 3.0726623e-15 1.5958872e-16 -3.0726623e-15 0)
(0 -0.70710618 -3.2591547e-16 0.70710618 0 1.2134474e-14 3.2591547e-16 -1.2134474e-14 0)
(0 -0.70710619 -8.4199273e-17 0.70710619 0 9.1757279e-15 8.4199273e-17 -9.1757279e-15 0)
(0 -0.70710619 -2.0164499e-22 0.70710619 0 2.2175137e-21 2.0164499e-22 -2.2175137e-21 0)
(0 -0.70710619 -9.0154323e-17 0.70710619 0 -4.7546519e-15 9.0154323e-17 4.7546519e-15 0)
(0 -0.70710619 1.5187536e-16 0.70710619 0 -8.2374443e-15 -1.5187536e-16 8.2374443e-15 0)
(0 -0.70710619 3.35183e-16 0.70710619 0 -3.4566124e-15 -3.35183e-16 3.4566124e-15 0)
(0 -0.70710619 -1.9507332e-16 0.70710619 0 3.0395131e-18 1.9507332e-16 -3.0395131e-18 0)
(0 -0.70710618 1.1896015e-15 0.70710618 0 1.4764118e-14 -1.1896015e-15 -1.4764118e-14 0)
(0 -0.70710617 1.7808554e-15 0.70710617 0 1.5114389e-14 -1.7808554e-15 -1.5114389e-14 0)
(0 -0.70710617 3.0246587e-16 0.70710617 0 -4.2496747e-18 -3.0246587e-16 4.2496747e-18 0)
(0 -0.70710616 -2.1261799e-16 0.70710616 0 2.5616767e-18 2.1261799e-16 -2.5616767e-18 0)
(0 -0.70710615 7.7251643e-16 0.70710615 0 5.1254347e-15 -7.7251643e-16 -5.1254347e-15 0)
(0 -0.70710614 1.2103176e-15 0.70710614 0 5.2576824e-15 -1.2103176e-15 -5.2576824e-15 0)
(0 -0.70710613 1.0959658e-16 0.70710613 0 1.2240638e-14 -1.0959658e-16 -1.2240638e-14 0)
(0 -0.70710611 1.2593031e-16 0.70710611 0 8.2345458e-15 -1.2593031e-16 -8.2345458e-15 0)
(0 -0.7071061 3.6468481e-16 0.7071061 0 -4.514658e-15 -3.6468481e-16 4.514658e-15 0)
(0 -0.70710608 1.2343827e-16 0.70710608 0 -8.6606293e-19 -1.2343827e-16 8.6606293e-19 0)
(0 -0.70710607 4.957591e-36 0.70710607 0 -9.3878113e-22 -4.957591e-36 9.3878113e-22 0)
(0 -0.70710605 -1.3477491e-16 0.70710605 0 5.4124437e-19 1.3477491e-16 -5.4124437e-19 0)
(0 -0.70710603 1.0621979e-16 0.70710603 0 2.2686913e-15 -1.0621979e-16 -2.2686913e-15 0)
(0 -0.70710601 3.8624009e-16 0.70710601 0 2.3459297e-15 -3.8624009e-16 -2.3459297e-15 0)
(0 -0.707106 1.4564993e-16 0.707106 0 -2.9233264e-19 -1.4564993e-16 2.9233264e-19 0)
(0 -0.70710597 1.9191584e-24 0.70710597 0 -3.9098906e-24 -1.9191584e-24 3.9098906e-24 0)
(0 -0.70710594 1.3183714e-24 0.70710594 0 -9.8946782e-28 -1.3183714e-24 9.8946782e-28 0)
(0 -0.70710592 1.6545488e-16 0.70710592 0 3.3213257e-19 -1.6545488e-16 -3.3213257e-19 0)
(0 -0.70710589 -2.4588106e-16 0.70710589 0 -2.8031889e-15 2.4588106e-16 2.8031889e-15 0)
(0 -0.70710586 -1.0162236e-16 0.70710586 0 6.012379e-15 1.0162236e-16 -6.012379e-15 0)
(0 -0.70710584 4.9702045e-16 0.70710584 0 9.2710099e-15 -4.9702045e-16 -9.2710099e-15 0)
(0 -0.7071058 -3.5437451e-18 0.7071058 0 -2.1033155e-19 3.5437451e-18 2.1033155e-19 0)
(0 -0.70710577 2.4635803e-16 0.70710577 0 -7.3676063e-15 -2.4635803e-16 7.3676063e-15 0)
(0 -0.70710573 4.1201817e-16 0.70710573 0 1.1391635e-17 -4.1201817e-16 -1.1391635e-17 0)
(0 -0.70710569 -2.4698272e-16 0.70710569 0 7.9919565e-15 2.4698272e-16 -7.9919565e-15 0)
(0 -0.70710564 -2.2198122e-16 0.70710564 0 -2.0072022e-18 2.2198122e-16 2.0072022e-18 0)
(0 -0.7071056 -5.0578177e-23 0.7071056 0 -1.2550068e-14 5.0578177e-23 1.2550068e-14 0)
(0 -0.70710555 1.8921226e-23 0.70710555 0 -1.3096295e-14 -1.8921226e-23 1.3096295e-14 0)
(0 -0.7071055 3.4129732e-23 0.7071055 0 3.0321913e-21 -3.4129732e-23 -3.0321913e-21 0)
(0 -0.70710545 -3.6516681e-23 0.70710545 0 -1.4316332e-14 3.6516681e-23 1.4316332e-14 0)
(0 -0.70710539 8.8007481e-23 0.70710539 0 -2.9959132e-14 -8.8007481e-23 2.9959132e-14 0)
(0 -0.70710533 -1.2626922e-23 0.70710533 0 -1.5687028e-14 1.2626922e-23 1.5687028e-14 0)
(0 -0.70710526 4.2809971e-23 0.70710526 0 3.2861969e-14 -4.2809971e-23 -3.2861969e-14 0)
(0 -0.70710519 -9.9641778e-23 0.70710519 0 3.4466444e-14 9.9641778e-23 -3.4466444e-14 0)
(0 -0.70710512 -1.7873619e-22 0.70710512 0 1.5672605e-21 1.7873619e-22 -1.5672605e-21 0)
(0 -0.70710503 3.5678957e-16 0.70710503 0 7.1625612e-18 -3.5678957e-16 -7.1625612e-18 0)
(0 -0.70710494 1.2699755e-16 0.70710494 0 1.3907787e-14 -1.2699755e-16 -1.3907787e-14 0)
(0 -0.70710484 -1.0364641e-15 0.70710484 0 -2.7682874e-14 1.0364641e-15 2.7682874e-14 0)
(0 -0.70710473 -5.8179133e-16 0.70710473 0 -6.0104529e-14 5.8179133e-16 6.0104529e-14 0)
(0 -0.70710462 6.8667779e-16 0.70710462 0 -1.6324893e-14 -6.8667779e-16 1.6324893e-14 0)
(0 -0.70710449 9.2960635e-16 0.70710449 0 2.5049252e-14 -9.2960635e-16 -2.5049252e-14 0)
(0 -0.70710436 2.4494201e-16 0.70710436 0 4.4856139e-14 -2.4494201e-16 -4.4856139e-14 0)
(0 -0.70710421 -1.8234122e-15 0.70710421 0 7.5659315e-14 1.8234122e-15 -7.5659315e-14 0)
(0 -0.70710405 -1.1699058e-15 0.70710405 0 7.8092037e-14 1.1699058e-15 -7.8092037e-14 0)
(0 -0.70710387 1.6852222e-15 0.70710387 0 1.9588247e-14 -1.6852222e-15 -1.9588247e-14 0)
(0 -0.70710367 3.1699919e-15 0.70710367 0 9.4155098e-17 -3.1699919e-15 -9.4155098e-17 0)
(0 -0.70710345 7.7740624e-16 0.70710345 0 -7.9781017e-14 -7.7740624e-16 7.9781017e-14 0)
(0 -0.70710321 -3.4349068e-15 0.70710321 0 -8.5762592e-14 3.4349068e-15 8.5762592e-14 0)
(0 -0.70710296 -2.3310758e-15 0.70710296 0 -7.4817597e-17 2.3310758e-15 7.4817597e-17 0)
(0 -0.70710268 2.2676759e-22 0.70710268 0 -4.1245843e-20 -2.2676759e-22 4.1245843e-20 0)
(0 -0.70710238 9.1293656e-16 0.70710238 0 3.2075923e-17 -9.1293656e-16 -3.2075923e-17 0)
(0 -0.70710207 7.3224838e-16 0.70710207 0 3.097831e-15 -7.3224838e-16 -3.097831e-15 0)
(0 -0.70710176 -1.3269486e-15 0.70710176 0 3.2001533e-15 1.3269486e-15 -3.2001533e-15 0)
(0 -0.70710143 -1.1649865e-15 0.70710143 0 -4.3246598e-17 1.1649865e-15 4.3246598e-17 0)
(0 -0.70710115 -2.2098081e-22 0.70710115 0 1.1253336e-13 2.2098081e-22 -1.1253336e-13 0)
(0 -0.70710089 -7.5743821e-22 0.70710089 0 1.2344768e-13 7.5743821e-22 -1.2344768e-13 0)
(0 -0.70710081 -1.9488727e-31 0.70710081 0 -7.821184e-33 1.9488727e-31 7.821184e-33 0)
(0 -0.70710082 1.0841183e-31 0.70710082 0 8.1641967e-20 -1.0841183e-31 -8.1641967e-20 0)
(0 -0.70710131 3.8086776e-15 0.70710131 0 -2.0382624e-13 -3.8086776e-15 2.0382624e-13 0)
(0 -0.70710209 3.1534306e-15 0.70710209 0 -2.1187288e-13 -3.1534306e-15 2.1187288e-13 0)
(0 -0.707104 -5.7188131e-15 0.707104 0 1.35505e-14 5.7188131e-15 -1.35505e-14 0)
(0 -0.7071064 -5.1109736e-15 0.7071064 0 -2.3070747e-16 5.1109736e-15 2.3070747e-16 0)
(0 -0.70711096 2.8560786e-15 0.70711096 0 1.3476503e-16 -2.8560786e-15 -1.3476503e-16 0)
(0 -0.70711539 2.5039124e-15 0.70711539 0 -1.5360546e-13 -2.5039124e-15 1.5360546e-13 0)
(0 -0.70712251 -3.8185492e-15 0.70712251 0 -1.6692272e-13 3.8185492e-15 1.6692272e-13 0)
(0 -0.70712576 -3.2721111e-15 0.70712576 0 -1.60801e-16 3.2721111e-15 1.60801e-16 0)
(0 -0.70712939 1.6078106e-21 0.70712939 0 4.1471933e-20 -1.6078106e-21 -4.1471933e-20 0)
(0 -0.70712233 -6.1065385e-15 0.70712233 0 -3.1858103e-16 6.1065385e-15 3.1858103e-16 0)
(0 -0.70695038 -4.7223484e-15 0.70695038 0 2.9235489e-13 4.7223484e-15 -2.9235489e-13 0)
(0 -0.7057121 4.2129707e-15 0.7057121 0 2.3992119e-13 -4.2129707e-15 -2.3992119e-13 0)
(0 -0.70494346 -7.7827508e-15 0.70494346 0 2.1650697e-13 7.7827508e-15 -2.1650697e-13 0)
(0 -0.70470847 -2.3151885e-14 0.70470847 0 2.1099387e-13 2.3151885e-14 -2.1099387e-13 0)
(0 -0.70488361 6.8643331e-17 0.70488361 0 -4.3236457e-16 -6.8643331e-17 4.3236457e-16 0)
(0 -0.70487481 1.1372242e-16 0.70487481 0 -4.7936967e-16 -1.1372242e-16 4.7936967e-16 0)
(0 -0.70502117 6.08062e-17 0.70502117 0 -3.1481607e-16 -6.08062e-17 3.1481607e-16 0)
(0 -0.70502985 1.8258886e-14 0.70502985 0 -7.1766644e-14 -1.8258886e-14 7.1766644e-14 0)
(0 -0.70506422 -4.5419115e-14 0.70506422 0 1.0878826e-13 4.5419115e-14 -1.0878826e-13 0)
(0 -0.70472873 -1.1042711e-13 0.70472873 0 2.8484916e-13 1.1042711e-13 -2.8484916e-13 0)
(0 -0.70124414 1.9101734e-14 0.70124414 0 5.8258711e-15 -1.9101734e-14 -5.8258711e-15 0)
(0 0.69964434 -2.0554592e-13 -0.69964434 0 3.9441075e-13 2.0554592e-13 -3.9441075e-13 0)
(0 0.70546172 -1.2104021e-13 -0.70546172 0 2.0287642e-13 1.2104021e-13 -2.0287642e-13 0)
(0 0.70599657 -1.1792165e-13 -0.70599657 0 1.87065e-13 1.1792165e-13 -1.87065e-13 0)
(0 0.70625862 -5.2968893e-14 -0.70625862 0 8.3444186e-14 5.2968893e-14 -8.3444186e-14 0)
(0 0.70643914 1.1450905e-15 -0.70643914 0 2.6842664e-16 -1.1450905e-15 -2.6842664e-16 0)
(0 0.70658376 1.0100342e-17 -0.70658376 0 5.7680013e-19 -1.0100342e-17 -5.7680013e-19 0)
(0 0.70670425 -1.6065468e-16 -0.70670425 0 2.3135494e-16 1.6065468e-16 -2.3135494e-16 0)
(0 0.70681002 2.1491115e-16 -0.70681002 0 -2.6581121e-16 -2.1491115e-16 2.6581121e-16 0)
(0 0.70690405 5.9241663e-17 -0.70690405 0 1.7319261e-16 -5.9241663e-17 -1.7319261e-16 0)
(0 0.70698836 -3.7103343e-15 -0.70698836 0 5.308632e-15 3.7103343e-15 -5.308632e-15 0)
(0 0.70704142 -3.412944e-15 -0.70704142 0 4.522396e-15 3.412944e-15 -4.522396e-15 0)
(0 0.70705005 6.8213126e-17 -0.70705005 0 -2.2864724e-16 -6.8213126e-17 2.2864724e-16 0)
(0 0.70702328 1.6026809e-16 -0.70702328 0 -2.0999056e-16 -1.6026809e-16 2.0999056e-16 0)
(0 0.70699936 8.4533154e-17 -0.70699936 0 3.146223e-18 -8.4533154e-17 -3.146223e-18 0)
(0 0.70698507 -2.0012984e-15 -0.70698507 0 2.8960206e-15 2.0012984e-15 -2.8960206e-15 0)
(0 0.70696713 -1.9180757e-15 -0.70696713 0 2.5670315e-15 1.9180757e-15 -2.5670315e-15 0)
(0 0.70695012 -5.9819009e-17 -0.70695012 0 -1.9254848e-18 5.9819009e-17 1.9254848e-18 0)
(0 0.70693539 8.6170255e-22 -0.70693539 0 -1.0681157e-21 -8.6170255e-22 1.0681157e-21 0)
(0 0.70692256 3.2567189e-17 -0.70692256 0 -3.9318269e-17 -3.2567189e-17 3.9318269e-17 0)
(0 0.7069229 -4.403838e-17 -0.7069229 0 5.3528253e-17 4.403838e-17 -5.3528253e-17 0)
(0 0.70699161 9.3127231e-16 -0.70699161 0 -1.0826161e-15 -9.3127231e-16 1.0826161e-15 0)
(0 0.70711968 3.9743592e-15 -0.70711968 0 -4.6151429e-15 -3.9743592e-15 4.6151429e-15 0)
(0 0.70725954 3.2260937e-15 -0.70725954 0 -3.7929633e-15 -3.2260937e-15 3.7929633e-15 0)
(0 0.70740432 5.0173833e-16 -0.70740432 0 -5.9120526e-16 -5.0173833e-16 5.9120526e-16 0)
(0 0.70756776 -3.9732997e-19 -0.70756776 0 -2.6406963e-21 3.9732997e-19 2.6406963e-21 0)
(0 0.7077612 -3.1066811e-16 -0.7077612 0 3.9374289e-16 3.1066811e-16 -3.9374289e-16 0)
(0 0.7080199 -4.2766654e-16 -0.7080199 0 5.9036627e-16 4.2766654e-16 -5.9036627e-16 0)
(0 0.70835218 -2.5932533e-16 -0.70835218 0 4.1698558e-16 2.5932533e-16 -4.1698558e-16 0)
(0 0.7088045 -6.3844031e-17 -0.7088045 0 1.10621e-16 6.3844031e-17 -1.10621e-16 0)
(0 0.709274 1.6395589e-16 -0.709274 0 1.0000924e-16 -1.6395589e-16 -1.0000924e-16 0)
(0 0.70960967 2.4600107e-16 -0.70960967 0 -4.8372067e-17 -2.4600107e-16 4.8372067e-17 0)
(0 0.70955742 -6.523371e-16 -0.70955742 0 -8.3631959e-16 6.523371e-16 8.3631959e-16 0)
(0 0.70931053 -6.9748308e-16 -0.70931053 0 -1.1614657e-15 6.9748308e-16 1.1614657e-15 0)
(0 0.70870328 -1.7578635e-17 -0.70870328 0 6.801709e-19 1.7578635e-17 -6.801709e-19 0)
(0 0.70835176 -1.3836431e-17 -0.70835176 0 8.6851041e-19 1.3836431e-17 -8.6851041e-19 0)
(0 0.70753791 3.7651725e-16 -0.70753791 0 -8.7356451e-16 -3.7651725e-16 8.7356451e-16 0)
(0 0.70704167 3.5735378e-16 -0.70704167 0 -2.137567e-15 -3.5735378e-16 2.137567e-15 0)
(0 0.70709993 -1.9628184e-21 -0.70709993 0 2.8386727e-23 1.9628184e-21 -2.8386727e-23 0)
(0 0.70802986 1.0628017e-17 -0.70802986 0 1.6746761e-15 -1.0628017e-17 -1.6746761e-15 0)
(0 0.70829115 8.7915999e-16 -0.70829115 0 1.2307606e-15 -8.7915999e-16 -1.2307606e-15 0)
(0 0.70952554 9.0751032e-16 -0.70952554 0 1.8872266e-15 -9.0751032e-16 -1.8872266e-15 0)
(0 0.70899148 -1.5661335e-16 -0.70899148 0 -8.0362478e-16 1.5661335e-16 8.0362478e-16 0)
(0 0.7047407 -5.7255667e-16 -0.7047407 0 -2.7586022e-16 5.7255667e-16 2.7586022e-16 0)
(0 -0.70683762 2.2354429e-15 0.70683762 0 3.7145369e-15 -2.2354429e-15 -3.7145369e-15 0)
(0 -0.70967389 -2.5424589e-15 0.70967389 0 -4.0572747e-15 2.5424589e-15 4.0572747e-15 0)
(0 -0.70995693 -5.3109648e-16 0.70995693 0 2.4035704e-16 5.3109648e-16 -2.4035704e-16 0)
(0 -0.70926397 -4.0528385e-16 0.70926397 0 3.6642601e-16 4.0528385e-16 -3.6642601e-16 0)
(0 -0.70876542 -2.7927137e-15 0.70876542 0 -2.8895926e-15 2.7927137e-15 2.8895926e-15 0)
(0 -0.70825453 -1.3343912e-16 0.70825453 0 -9.9930643e-17 1.3343912e-16 9.9930643e-17 0)
(0 -0.70788517 -2.2209309e-16 0.70788517 0 -4.3606814e-18 2.2209309e-16 4.3606814e-18 0)
(0 -0.707598 -9.7587277e-15 0.707598 0 -1.3120483e-14 9.7587277e-15 1.3120483e-14 0)
(0 -0.7073499 -2.2276944e-14 0.7073499 0 -2.583151e-14 2.2276944e-14 2.583151e-14 0)
(0 -0.70711659 -8.864272e-15 0.70711659 0 -8.7124251e-15 8.864272e-15 8.7124251e-15 0)
(0 -0.70690806 1.3551551e-14 0.70690806 0 1.5412115e-14 -1.3551551e-14 -1.5412115e-14 0)
(0 -0.70680119 9.8218277e-15 0.70680119 0 1.1540245e-14 -9.8218277e-15 -1.1540245e-14 0)
(0 -0.70680462 4.7208513e-15 0.70680462 0 5.6887505e-15 -4.7208513e-15 -5.6887505e-15 0)
(0 -0.70682965 5.3257354e-15 0.70682965 0 6.5256435e-15 -5.3257354e-15 -6.5256435e-15 0)
(0 -0.70685706 -1.4293984e-16 0.70685706 0 -1.9045991e-16 1.4293984e-16 1.9045991e-16 0)
(0 -0.70688636 -1.5104196e-19 0.70688636 0 1.2185186e-20 1.5104196e-19 -1.2185186e-20 0)
(0 -0.70691568 -1.3249242e-16 0.70691568 0 -1.8842144e-16 1.3249242e-16 1.8842144e-16 0)
(0 -0.70694716 -2.5543882e-16 0.70694716 0 -3.3639684e-16 2.5543882e-16 3.3639684e-16 0)
(0 -0.70697916 7.5388904e-19 0.70697916 0 1.4291757e-17 -7.5388904e-19 -1.4291757e-17 0)
(0 -0.70700856 -1.320052e-16 0.70700856 0 5.8018294e-18 1.320052e-16 -5.8018294e-18 0)
(0 -0.7069934 4.5086134e-15 0.7069934 0 5.2210519e-15 -4.5086134e-15 -5.2210519e-15 0)
(0 -0.70689989 4.3084711e-15 0.70689989 0 4.6681423e-15 -4.3084711e-15 -4.6681423e-15 0)
(0 -0.70676155 2.075624e-16 0.70676155 0 1.1922671e-16 -2.075624e-16 -1.1922671e-16 0)
(0 -0.70660709 -9.5458919e-17 0.70660709 0 -1.0685954e-16 9.5458919e-17 1.0685954e-16 0)
(0 -0.70643522 -9.0502526e-17 0.70643522 0 -1.204283e-16 9.0502526e-17 1.204283e-16 0)
(0 -0.70624127 8.5405797e-17 0.70624127 0 1.2102965e-16 -8.5405797e-17 -1.2102965e-16 0)
(0 -0.70601893 2.9508935e-18 0.70601893 0 -1.7035669e-19 -2.9508935e-18 1.7035669e-19 0)
(0 -0.70575877 -9.2933796e-17 0.70575877 0 -1.2024353e-16 9.2933796e-17 1.2024353e-16 0)
(0 -0.70545822 4.3419598e-15 0.70545822 0 7.1194873e-15 -4.3419598e-15 -7.1194873e-15 0)
(0 -0.70515282 4.2966735e-15 0.70515282 0 7.5925214e-15 -4.2966735e-15 -7.5925214e-15 0)
(0 -0.70491419 4.1696899e-15 0.70491419 0 7.3324719e-15 -4.1696899e-15 -7.3324719e-15 0)
(0 -0.70472291 1.1271768e-14 0.70472291 0 2.4931981e-14 -1.1271768e-14 -2.4931981e-14 0)
(0 -0.70452694 1.401786e-14 0.70452694 0 3.7029442e-14 -1.401786e-14 -3.7029442e-14 0)
(0 -0.70432845 -2.6012927e-16 0.70432845 0 -8.8430049e-16 2.6012927e-16 8.8430049e-16 0)
(0 -0.7041519 -5.7881302e-15 0.7041519 0 -2.2833597e-14 5.7881302e-15 2.2833597e-14 0)
(0 -0.70396399 -3.620891e-15 0.70396399 0 -1.1621386e-14 3.620891e-15 1.1621386e-14 0)
(0 -0.70386114 -1.1986534e-14 0.70386114 0 -5.206764e-14 1.1986534e-14 5.206764e-14 0)
